0
0
0
0
0
0
0
0
0
0
0
0
0
0
0
0
0
0
0
0
0
0
0
0
0
0
0
0
0
0
0
0
0
0
0
0
0
0
0
0
0
0
0
0
0
0
0
0
0
0
0
0
0
0
0
0
0
0
0
0
0
0
0
0
0
0
0
0
0
0
0
0
0
0
0
0
0
0
0
0
0
0
0
0
0
0
0
0
0
0
0
0
0
0
0
0
0
0
0
0
0
0
0
0
0
0
0
0
0
0
0
0
0
0
0
0
0
0
0
0
0
0
0
0
0
0
0
0
0
0
0
0
0
0
0
0
0
0
0
0
0
0
0
0
0
0
0
0
0
0
0
0
0
0
0
0
0
0
0
0
0
0
0
0
0
0
0
0
0
0
0
0
0
0
0
0
0
0
0
0
0
0
0
0
0
0
0
0
0
0
0
0
0
0
0
0
0
0
0
0
0
0
0
0
0
0
0
0
0
0
0
0
0
0
0
0
0
0
0
0
0
0
0
0
0
0
0
0
0
0
0
0
0
0
0
0
0
0
0
0
0
0
0
0
0
0
0
0
0
0
0
0
0
0
0
0
0
0
0
0
0
0
0
0
0
0
0
0
0
0
0
0
0
0
0
0
0
0
0
0
0
0
0
0
0
0
0
0
0
0
0
0
0
0
0
0
0
0
0
0
0
0
0
0
0
0
0
2
2
2
4
4
6
8
8
10
12
14
14
16
22
24
18
22
30
32
36
32
36
38
32
38
42
34
38
40
42
44
44
94
68
70
74
86
90
96
104
108
106
74
32
34
36
36
40
40
40
42
46
48
56
46
50
46
46
44
46
48
56
56
58
56
54
58
60
64
74
80
78
80
90
92
94
102
104
110
100
96
92
90
96
98
104
104
114
112
114
112
118
110
134
296
272
238
242
294
292
494
500
506
514
520
526
532
538
546
552
558
564
570
578
584
590
596
602
610
560
540
546
552
558
576
478
482
312
336
360
336
450
412
436
362
302
296
300
324
334
344
362
328
330
334
352
496
508
512
428
244
220
206
316
310
296
298
308
320
330
316
220
248
250
262
282
338
368
324
318
310
322
304
316
328
350
312
294
286
348
350
362
396
398
494
330
342
356
358
348
350
396
398
368
370
570
562
554
812
806
844
838
854
824
782
798
756
760
1022
1074
1138
1144
1090
1024
1040
862
904
908
888
868
908
650
716
668
672
904
986
1016
1020
1024
1082
1086
1078
1096
1086
1092
1096
1034
1038
906
816
900
836
824
774
734
738
726
730
690
664
638
626
644
616
604
606
610
612
482
484
426
428
430
536
538
524
526
588
590
592
578
612
674
676
710
510
482
498
468
454
424
442
442
730
684
686
802
772
774
840
924
764
636
654
640
658
660
612
614
614
584
602
670
722
860
964
1034
900
886
888
1112
1596
1548
1466
1452
1422
1424
1428
1432
1716
1754
1758
1762
1766
1718
1598
1600
1568
1554
1790
1794
1798
1802
1806
1810
1814
1818
1820
1824
1828
1832
1836
1840
1842
1846
1850
1854
1856
1860
1790
1868
1870
1874
1878
1880
1884
1888
1890
1894
1896
1900
1904
1906
1910
1912
1916
1918
1922
1924
1928
1930
1934
1936
1940
1942
1944
1948
1950
1954
1956
1958
1962
1964
1966
1910
1972
1974
1976
1980
1902
1904
914
854
1134
856
798
758
620
640
660
642
602
582
604
644
686
666
788
748
768
790
832
914
954
1016
916
916
876
938
1022
900
756
1884
1536
1640
1642
1642
1624
1584
1564
1770
1792
1774
1712
1714
1714
1674
1738
1820
1760
1782
1782
1762
1764
1514
1516
1496
1704
1768
1768
1790
1748
1604
1604
1584
1564
1354
1334
1480
1398
1398
1628
1650
1630
1420
1630
1818
1588
1902
1860
1944
1966
1422
1442
1360
1422
1652
1674
1674
1694
1694
1464
1338
1296
1170
878
856
920
732
752
2090
2090
2090
2088
2088
2088
2088
2088
2066
2044
2022
2044
2084
2084
2082
2082
2082
2080
2080
2078
2078
2078
2076
2076
2074
2074
2072
2072
2070
2068
2068
2066
2066
2064
2062
2062
2060
2058
2058
2056
2054
2054
2052
2050
2048
2048
2046
2044
2042
2040
2038
2038
2036
2034
2032
2010
1968
2026
2024
2022
2000
1998
1976
1974
1992
1990
1988
1986
2004
2002
2000
1998
1994
1992
1990
1988
1986
1984
1980
1978
1976
1974
1970
1968
1966
1944
1960
1938
1838
1834
1832
1850
1496
1552
1550
1684
1682
1698
1676
1770
1766
1784
1780
1662
1660
1638
1578
1576
1574
1552
1548
1566
1562
1484
1482
1516
1514
1512
1490
1486
1466
1536
1534
1772
1750
1746
1780
1812
694
710
708
690
814
832
848
738
754
806
822
750
570
550
566
584
582
580
544
928
926
906
888
884
882
916
1154
1066
1098
1094
1074
1072
866
896
894
926
1058
1004
1036
1000
548
546
562
576
624
622
752
750
812
712
742
740
754
736
846
844
808
806
820
802
798
1062
1324
1304
1036
1018
1014
1042
1268
1264
1260
1118
1326
1412
1152
1044
1084
1052
796
824
820
860
886
1318
1342
1338
1348
1342
1338
1332
1242
1168
1162
1172
1168
1162
758
742
698
640
692
824
794
844
840
850
1256
882
694
704
650
634
682
770
754
738
746
718
790
762
820
928
1194
1176
1182
982
990
986
956
618
734
966
926
1060
1068
1062
1124
1142
1136
1130
1124
1118
922
950
956
1072
1054
1038
1032
994
680
728
778
772
768
878
872
928
962
946
940
994
988
982
976
970
964
958
950
944
930
922
908
892
886
880
882
876
888
882
876
868
862
856
850
844
804
790
766
744
746
740
734
736
746
732
742
744
730
724
740
682
588
640
636
600
602
598
598
594
588
582
570
564
560
534
516
518
486
482
434
392
206
204
190
210
290
292
290
292
282
280
292
154
152
166
180
178
176
168
196
208
206
198
190
202
212
214
238
222
192
190
186
192
210
246
242
304
302
290
282
278
272
272
180
190
168
158
136
134
134
206
202
190
176
190
124
124
126
102
88
84
82
82
68
70
60
58
62
58
56
90
102
88
78
76
114
130
142
140
136
110
102
100
96
92
88
86
82
80
76
72
76
72
68
66
62
58
54
50
46
42
40
36
32
30
26
24
22
14
12
10
10
8
8
6
4
4
2
0
0
0
0
0
0
0
0
0
0
0
0
0
0
0
0
0
0
0
0
0
0
0
0
0
0
0
0
0
0
0
0
0
0
0
0
0
0
0
0
0
0
0
0
0
0
0
0
0
0
0
0
0
0
0
0
0
0
0
0
0
0
0
0
0
0
0
0
0
0
0
0
0
0
0
0
0
0
0
0
0
0
0
0
0
0
0
0
0
0
0
0
0
0
0
0
0
0
0
0
0
0
0
0
0
0
0
0
0
0
0
0
0
0
0
0
0
0
0
0
0
0
0
0
0
0
0
0
0
0
0
0
0
0
0
0
0
0
0
0
0
0
0
0
0
0
0
0
0
0
0
0
0
0
0
0
0
0
0
0
0
0
0
0
0
0
0
0
0
0
0
0
0
0
0

