0
0
0
0
0
0
0
0
0
0
0
0
0
0
0
0
0
0
0
0
0
0
0
0
0
0
0
0
0
0
0
0
0
0
0
0
0
0
0
0
0
0
0
0
0
0
0
0
0
0
0
0
0
0
0
0
0
0
0
0
0
0
0
0
0
0
0
0
0
0
0
0
0
0
0
0
0
0
0
0
0
0
0
0
0
0
0
0
0
0
0
0
0
0
0
0
0
0
0
0
0
0
0
0
0
0
0
0
0
0
0
0
0
0
0
0
0
0
0
0
0
0
0
0
0
0
0
0
0
0
0
0
0
0
0
0
0
0
0
0
0
0
0
0
0
0
0
0
0
0
0
0
0
0
0
0
0
0
0
0
0
0
0
0
0
0
0
0
0
0
0
0
0
0
0
0
0
0
0
0
0
0
0
0
0
0
0
0
0
0
0
0
0
0
0
0
0
0
0
0
0
0
0
0
0
0
0
0
0
0
0
0
0
0
0
0
0
0
0
0
0
0
0
0
0
0
0
0
0
0
0
0
0
0
0
0
0
0
0
0
0
0
0
0
0
0
0
0
0
0
0
0
0
0
0
0
0
0
0
0
0
0
0
0
0
0
0
0
0
0
0
0
0
0
0
0
0
0
0
0
0
0
0
0
0
0
0
0
0
0
0
0
0
0
0
0
0
0
0
0
0
0
0
0
0
0
0
2
2
4
4
6
6
8
10
8
10
8
10
10
12
12
14
18
20
18
18
20
32
38
34
40
42
40
40
46
46
62
66
74
64
66
72
76
74
82
68
98
122
126
150
158
164
170
152
158
64
72
78
146
148
102
104
108
108
80
82
76
72
70
74
76
74
76
98
108
110
140
128
140
160
158
154
292
302
292
300
310
322
358
368
374
380
386
354
360
370
374
438
444
450
456
462
468
476
482
488
494
500
506
384
338
342
180
188
196
192
200
196
194
196
186
194
190
186
194
190
174
156
158
160
362
378
390
460
470
612
446
436
384
388
270
178
180
182
184
162
142
136
128
130
138
132
126
126
128
128
138
130
114
124
126
134
136
128
128
104
96
96
80
80
72
62
64
64
64
74
74
84
66
66
66
68
78
78
88
88
90
100
110
122
132
124
124
124
126
126
126
116
140
108
108
108
110
98
88
100
100
90
78
102
102
104
92
92
82
82
94
94
94
96
96
96
72
84
86
74
74
74
74
74
76
76
76
90
90
90
90
116
104
118
118
132
120
106
80
80
94
80
82
96
96
96
110
96
84
70
70
70
84
100
100
128
144
144
144
130
132
146
146
162
208
208
194
194
196
196
182
182
214
214
214
216
216
216
186
172
172
156
156
142
142
142
142
192
208
208
194
162
178
162
180
180
180
164
164
182
166
182
200
200
200
218
218
220
220
220
222
222
256
274
310
328
312
330
330
330
314
298
298
282
300
300
300
284
266
268
340
322
502
558
560
542
544
562
528
564
584
586
606
606
662
628
628
1760
1746
1730
1678
1792
1814
1256
1276
1184
848
906
1020
814
854
892
1122
800
820
842
784
1132
1094
1154
752
752
754
716
736
718
758
778
818
820
1350
1626
1628
1570
1592
1594
1616
1658
1778
1800
1704
1686
1688
1690
1752
598
558
498
480
480
460
420
380
320
342
362
382
484
464
526
526
486
548
548
488
488
528
530
570
592
592
592
634
736
656
718
738
760
760
1522
1256
1236
968
928
660
618
620
640
620
640
682
620
600
580
560
538
580
498
498
498
520
520
498
500
582
562
1084
1104
918
1146
1376
1336
1774
1774
1734
1734
1734
1734
1818
1798
1778
1778
1066
1108
1024
1046
962
1004
962
1338
1296
1338
1276
1568
1694
1674
1756
1736
1756
1840
1902
1756
1714
2048
1064
2004
1942
1942
1962
1982
2044
2002
1980
2084
2084
2082
2082
2082
2080
2080
2078
2078
2078
1162
996
996
560
558
704
704
1780
1758
1778
1714
1714
1774
1772
1648
1668
1666
2056
2054
2054
2052
2050
2048
2048
2046
1450
1552
1530
2038
2038
2036
2034
2032
2010
2028
2026
2024
2022
2020
2018
1976
1994
1992
2010
2008
2006
1884
1722
1740
1718
1716
1734
1692
1690
1668
1666
1188
1206
1502
1520
1518
1200
1198
1256
1196
1742
1760
1738
1696
1694
1788
1806
1822
1800
1430
1388
424
442
480
382
420
420
400
418
1064
1024
1042
1040
1020
962
1166
1222
1238
1330
1326
1250
596
594
648
648
738
738
772
752
770
768
748
838
672
690
742
868
848
774
790
788
840
678
926
942
868
938
934
898
790
788
804
820
834
832
900
898
912
1032
892
890
784
1122
1256
1252
1536
1482
1680
1676
1670
1666
1662
1658
1652
1648
1644
1638
1634
1466
1382
1378
1438
1434
1156
1088
1118
1274
1254
1234
1150
1164
1112
1172
1198
1196
1192
1188
1184
1226
1222
1232
1228
1224
1220
1202
1168
1312
1278
1378
1388
1396
1406
1386
1440
1406
780
820
802
728
810
936
932
844
798
808
862
954
992
974
1218
1212
1208
1284
1306
1300
1200
1182
1178
1172
1168
1006
988
1010
1108
872
588
636
646
654
614
598
572
544
554
600
584
582
604
660
646
654
770
1060
1042
968
928
922
814
788
806
802
786
816
956
962
934
930
902
898
956
940
936
728
514
512
508
556
564
458
588
554
890
756
732
540
448
388
404
420
446
416
402
550
370
348
300
298
288
286
274
272
262
260
750
710
500
522
552
540
486
572
624
652
638
666
494
468
502
452
250
240
276
334
330
298
302
278
240
266
334
330
320
318
322
324
342
338
354
396
392
594
570
558
558
552
558
234
214
230
232
516
506
148
140
144
116
114
108
96
96
94
98
92
114
108
102
96
90
94
106
112
110
114
100
90
84
86
86
84
82
70
72
64
60
58
54
52
56
60
56
56
54
54
50
54
52
52
48
58
62
60
56
72
78
90
90
90
90
92
92
86
92
84
82
126
130
126
122
88
120
96
94
52
50
48
44
42
38
34
36
32
28
24
22
18
18
18
16
14
14
14
12
10
10
8
8
8
6
6
4
4
2
2
2
2
0
0
0
0
0
0
0
0
0
0
0
0
0
0
0
0
0
0
0
0
0
0
0
0
0
0
0
0
0
0
0
0
0
0
0
0
0
0
0
0
0
0
0
0
0
0
0
0
0
0
0
0
0
0
0
0
0
0
0
0
0
0
0
0
0
0
0
0
0
0
0
0
0
0
0
0
0
0
0
0
0
0
0
0
0
0
0
0
0
0
0
0
0
0
0
0
0
0
0
0
0
0
0
0
0
0
0
0
0
0
0
0
0
0
0
0
0
0
0
0
0
0
0
0
0
0
0
0
0
0
0
0
0
0
0
0
0
0
0
0
0
0
0
0
0
0
0
0
0
0
0
0
0
0
0
0
0
0
0
0
0
0
0
0
0
0
0
0
0
0
0
0
0
0
0
0
0
0
0
0

