0
0
0
0
0
0
0
0
0
0
0
0
0
0
0
0
0
0
0
0
0
0
0
0
0
0
0
0
0
0
0
0
0
0
0
0
0
0
0
0
0
0
0
0
0
0
0
0
0
0
0
0
0
0
0
0
0
0
0
0
0
0
0
0
0
0
0
0
0
0
0
0
0
0
0
0
0
0
0
0
0
0
0
0
0
0
0
0
0
0
0
0
0
0
0
0
0
0
0
0
0
0
0
0
0
0
0
0
0
0
0
0
0
0
0
0
0
0
0
0
0
0
0
0
0
0
0
0
0
0
0
0
0
0
0
0
0
0
0
0
0
0
0
0
0
0
0
0
0
0
0
0
0
0
0
0
0
0
0
0
0
0
0
0
0
0
0
0
0
0
0
0
0
0
0
0
0
0
0
0
0
0
0
0
0
0
0
0
0
0
0
0
0
0
0
0
0
0
0
0
0
0
0
0
0
0
0
0
0
0
0
0
0
0
0
0
0
0
0
0
0
0
0
0
0
0
0
0
0
0
0
0
0
0
0
0
0
0
0
0
0
0
0
0
0
0
0
0
0
0
0
0
0
0
0
0
0
0
0
0
0
0
0
0
0
0
0
0
0
0
0
0
0
0
0
0
0
0
0
0
0
0
0
0
0
0
0
0
0
0
0
0
0
0
0
0
0
0
0
0
0
0
0
0
0
0
0
0
2
2
2
4
4
4
2
4
4
12
12
14
14
16
16
28
28
30
30
34
38
38
42
54
56
60
62
66
62
72
76
80
88
90
70
68
72
106
116
120
116
122
120
120
124
116
118
144
146
150
158
160
166
170
168
174
178
180
166
160
232
234
240
244
266
252
244
112
118
126
122
120
114
102
110
110
112
102
104
102
100
102
104
114
120
162
342
348
352
362
376
386
400
250
254
234
232
230
204
212
214
208
220
234
242
234
236
244
254
250
260
280
578
584
590
596
602
610
616
622
628
634
642
590
582
582
600
612
510
514
352
356
338
362
352
354
364
338
326
330
340
342
346
302
320
338
342
320
380
358
386
430
442
470
642
648
686
692
696
746
742
748
754
758
764
778
784
306
290
290
302
362
326
348
320
342
344
316
308
300
292
324
316
318
300
260
282
252
296
286
310
312
596
610
592
628
510
546
548
506
486
488
628
586
578
616
444
458
424
438
440
454
456
434
424
366
356
370
384
336
324
352
340
354
330
332
320
322
310
260
274
276
832
940
892
882
1342
1348
1354
1360
1364
1370
1376
1382
1386
1392
1398
1404
1408
1414
1420
1424
1430
1436
1210
1214
1234
1268
1214
1188
1192
1418
1126
1160
1164
1168
1384
1404
1408
1306
1264
1208
1212
1216
1220
1224
1244
1216
1236
1240
1228
1184
1188
1224
1210
926
882
996
742
938
972
992
1012
720
704
706
708
678
664
648
666
668
1224
1126
1046
1116
1000
968
1176
1230
1266
1270
1256
1294
1488
1508
1460
1464
1466
1522
1578
1582
1692
900
1044
1082
1048
1034
1000
858
878
862
900
1138
1086
1414
1254
1328
1168
1060
1776
1780
1748
1530
1476
1462
1464
1486
1488
1490
1512
1516
1500
1502
1486
1488
1604
1532
1552
1460
1558
990
934
1222
1204
842
940
768
712
732
772
754
774
852
834
1030
1090
1150
1112
1584
1566
1510
1532
1514
1516
1538
1580
1582
1564
1982
1984
1986
1988
1992
1994
1996
1778
1740
1742
1684
1666
1648
1648
1670
1652
1634
1636
1638
1456
1134
1338
1318
1340
1198
692
1038
936
896
1612
1654
1656
1658
1618
1640
1640
1642
1540
1542
1502
1832
988
782
804
824
804
846
868
806
806
828
808
786
766
746
768
850
872
810
832
936
770
832
708
686
708
854
834
918
688
708
730
730
688
668
646
648
648
648
606
648
606
648
626
544
418
460
438
438
418
418
438
438
418
418
418
418
460
460
438
480
460
418
438
416
438
438
374
416
438
396
374
396
396
416
394
394
374
352
374
394
414
414
436
414
456
434
434
454
454
454
558
558
536
578
412
432
432
410
390
410
472
492
492
492
532
512
470
470
428
428
448
794
834
812
812
812
790
728
708
708
646
706
726
724
1952
1748
1968
1946
1884
1862
1860
1878
1876
1872
1870
1530
1528
1566
1664
1662
1522
1618
1616
1614
1532
1374
1196
1292
1310
1152
1170
1284
1322
1494
1472
1490
580
540
520
518
538
536
536
496
514
532
570
550
586
548
566
546
546
544
674
674
692
708
726
742
724
740
1516
1512
1068
1322
1834
1830
1826
1824
1820
1816
1812
1808
1804
1800
1796
1792
1788
1784
1780
1778
1774
1698
1676
1672
1652
1666
1538
1552
416
364
362
380
412
412
446
462
478
424
440
456
456
488
470
452
416
450
432
430
428
428
410
408
408
912
860
598
598
596
594
672
654
796
792
790
1136
1148
1568
1562
1558
1552
1548
1542
1538
1532
1528
1522
1518
1512
1446
1442
1436
1432
1442
1140
1122
1324
1290
1270
1266
1188
1040
1122
1118
1056
1080
822
832
702
658
586
570
580
592
618
574
1104
502
512
524
508
520
518
502
514
498
848
806
906
966
962
946
800
544
504
538
562
546
568
554
550
524
448
434
432
454
440
450
458
386
384
394
380
366
376
396
384
382
436
432
430
748
754
728
832
688
684
488
486
494
500
540
732
852
846
840
856
870
866
860
844
840
814
780
784
770
444
478
550
528
524
556
244
234
286
248
254
314
320
318
308
322
336
334
298
470
490
502
282
254
252
242
234
224
222
212
234
246
258
272
276
274
272
262
238
250
254
328
284
282
266
276
246
238
236
290
274
260
270
254
270
284
282
284
344
466
494
556
548
542
536
530
524
518
510
484
484
492
486
478
472
466
460
454
448
442
434
428
422
416
386
404
390
364
358
260
268
264
248
234
222
300
292
294
324
318
308
254
260
270
264
258
226
220
194
234
226
196
240
234
228
222
218
212
206
200
194
116
100
98
86
82
78
58
56
70
66
60
48
48
46
38
36
34
32
32
30
30
30
26
22
36
38
62
58
54
50
46
42
36
34
32
30
26
24
22
20
16
14
12
10
8
6
6
4
4
2
2
0
0
0
0
0
0
0
0
0
0
0
0
0
0
0
0
0
0
0
0
0
0
0
0
0
0
0
0
0
0
0
0
0
0
0
0
0
0
0
0
0
0
0
0
0
0
0
0
0
0
0
0
0
0
0
0
0
0
0
0
0
0
0
0
0
0
0
0
0
0
0
0
0
0
0
0
0
0
0
0
0
0
0
0
0
0
0
0
0
0
0
0
0
0
0
0
0
0
0
0
0
0
0
0
0
0
0
0
0
0
0
0
0
0
0
0
0
0
0
0
0
0
0
0
0
0
0
0
0
0
0
0
0
0
0
0
0
0
0
0
0
0
0
0
0
0
0
0
0
0
0
0
0
0
0
0
0
0
0
0
0
0
0
0
0
0
0
0
0
0
0
0
0

