0
0
0
0
0
0
0
0
0
0
0
0
0
0
0
0
0
0
0
0
0
0
0
0
0
0
0
0
0
0
0
0
0
0
0
0
0
0
0
0
0
0
0
0
0
0
0
0
0
0
0
0
0
0
0
0
0
0
0
0
0
0
0
0
0
0
0
0
0
0
0
0
0
0
0
0
0
0
0
0
0
0
0
0
0
0
0
0
0
0
0
0
0
0
0
0
0
0
0
0
0
0
0
0
0
0
0
0
0
0
0
0
0
0
0
0
0
0
0
0
0
0
0
0
0
0
0
0
0
0
0
0
0
0
0
0
0
0
0
0
0
0
0
0
0
0
0
0
0
0
0
0
0
0
0
0
0
0
0
0
0
0
0
0
0
0
0
0
0
0
0
0
0
0
0
0
0
0
0
0
0
0
0
0
0
0
0
0
0
0
0
0
0
0
0
0
0
0
0
0
0
0
0
0
0
0
0
0
0
0
0
0
0
0
0
0
0
0
0
0
0
0
0
0
0
0
0
0
0
0
0
0
0
0
0
0
0
0
0
0
0
0
0
0
0
0
0
0
0
0
0
0
0
0
0
0
0
0
0
0
0
0
0
0
0
0
0
0
0
0
0
0
0
0
0
0
0
0
0
0
0
0
0
0
0
0
0
0
0
0
0
0
0
0
0
0
0
0
0
0
0
0
0
0
0
0
2
2
2
4
4
6
6
8
10
10
12
14
6
6
6
8
8
10
10
10
10
12
12
14
16
18
20
22
24
18
22
24
28
28
30
30
30
34
32
32
32
32
34
34
34
32
30
32
30
28
28
30
28
34
32
34
34
36
36
40
40
42
40
40
42
42
40
42
42
44
44
48
46
44
48
46
44
44
44
46
46
50
48
52
54
54
60
64
66
66
80
76
78
84
94
96
96
102
108
124
122
118
104
106
102
108
100
94
96
102
98
122
118
114
114
116
124
130
156
152
154
154
150
138
146
142
136
124
120
120
122
130
138
132
134
362
372
420
364
406
572
600
612
634
638
636
642
654
676
664
670
626
796
802
774
748
752
750
712
718
724
438
432
382
368
324
718
724
636
594
608
602
768
848
604
608
632
656
966
972
988
994
858
1016
1022
1028
1034
1040
1046
1052
1060
1066
1072
1078
1084
1090
1096
1102
1108
1114
1120
1126
1132
1138
1144
1150
1156
1162
1168
1174
1180
1186
1192
1186
1192
1186
948
952
970
974
842
422
400
402
366
354
344
332
320
348
336
350
366
394
408
384
386
400
428
404
406
408
354
356
356
552
610
738
740
772
774
976
1192
1182
1186
1018
1022
1026
1102
976
994
982
912
916
934
982
986
974
826
602
620
592
518
534
490
508
508
510
512
390
374
988
1008
1042
1060
842
1274
1294
1314
1318
1338
1342
1346
1382
488
474
426
492
494
512
730
732
816
786
738
672
1686
1690
1694
1700
1704
1708
1712
1700
1704
1726
1694
1734
1720
1620
1606
1628
964
1020
1074
1042
1116
1100
1120
1086
1000
1630
1112
1150
1188
1210
1158
1342
1344
1202
1040
1242
1704
1616
1618
1640
1458
1480
1464
1486
1582
1602
1606
1516
1424
1426
1392
1300
1320
1324
1344
1384
1348
1294
1238
1240
1186
1628
1650
1652
1482
1484
1640
1566
1510
1494
1418
1458
1752
1228
546
528
528
726
1040
1042
1102
1478
790
830
850
654
654
674
676
696
698
698
738
760
720
680
702
682
744
724
704
666
686
728
748
1276
1216
1196
1136
1138
1342
1344
1344
1080
1266
1204
1104
1124
1126
1086
1066
944
1006
1294
1274
1296
1358
1318
1340
1980
2024
2024
1942
1924
1924
1946
2010
2010
2074
2074
2054
2076
2078
2078
2080
2080
2080
2082
2082
2084
2084
2084
2086
2086
2086
2086
2088
2088
2088
2088
2090
2090
2090
1568
1546
1464
1464
1464
1400
1442
1798
1422
1318
1276
1506
1548
1506
1548
1548
1402
1024
1128
2092
2090
2090
2090
2090
2090
2090
2088
2088
2088
2088
2088
2086
2086
2086
2084
2084
2084
2082
2082
2082
2080
2080
2078
2078
2078
2076
2076
1970
1846
1864
1864
1800
1924
1964
1942
1900
1858
1816
1814
1854
1318
1234
1274
1150
1128
1292
1312
1270
920
920
838
836
774
712
712
752
630
650
648
648
628
626
626
626
626
604
624
624
442
462
460
460
460
500
498
498
518
516
476
456
456
454
454
474
454
414
392
392
372
352
372
370
390
390
466
486
466
464
424
482
482
462
460
440
402
382
382
362
362
380
378
378
396
378
376
338
356
318
318
392
410
428
464
482
500
516
534
570
550
550
566
638
620
618
616
616
578
504
432
430
394
340
338
356
354
354
354
334
316
298
298
332
330
312
346
362
380
378
344
240
238
256
272
254
236
202
184
168
150
182
182
182
198
198
196
180
196
228
194
178
178
176
144
144
128
110
126
94
110
156
172
172
156
202
186
184
200
230
214
182
166
166
166
164
180
254
268
266
236
220
220
218
248
232
232
230
230
186
214
212
212
210
210
196
194
208
262
248
246
232
204
230
242
254
320
332
332
238
224
222
222
234
220
232
204
204
216
240
238
250
312
298
346
344
306
280
254
542
504
562
510
496
470
422
430
498
508
390
456
454
428
426
412
422
420
406
350
348
302
300
298
308
284
240
240
280
288
296
326
294
302
300
298
276
264
292
300
318
316
314
320
346
334
314
330
310
334
324
304
302
344
324
338
370
360
374
346
352
364
362
360
372
426
446
436
510
514
564
590
464
444
478
504
734
692
656
652
538
506
502
504
486
576
576
584
586
580
568
562
562
556
552
558
558
552
558
552
552
562
540
534
522
510
532
526
482
524
340
332
292
294
442
446
440
434
428
424
430
304
334
338
334
418
416
410
404
398
392
384
378
372
366
360
354
348
342
336
330
324
318
296
306
300
294
288
282
276
270
264
258
252
246
240
204
196
190
184
186
178
178
176
170
162
152
148
146
148
140
138
126
120
116
110
94
90
116
110
106
102
96
92
60
58
56
74
70
66
62
58
54
50
46
42
40
36
32
30
26
24
22
18
16
14
12
4
4
2
2
2
0
0
0
0
0
0
0
0
0
0
0
0
0
0
0
0
0
0
0
0
0
0
0
0
0
0
0
0
0
0
0
0
0
0
0
0
0
0
0
0
0
0
0
0
0
0
0
0
0
0
0
0
0
0
0
0
0
0
0
0
0
0
0
0
0
0
0
0
0
0
0
0
0
0
0
0
0
0
0
0
0
0
0
0
0
0
0
0
0
0
0
0
0
0
0
0
0
0
0
0
0
0
0
0
0
0
0
0
0
0
0
0
0
0
0
0
0
0
0
0
0
0
0
0
0
0
0
0
0
0
0
0
0
0
0
0
0
0
0
0
0
0
0
0
0
0
0
0
0
0
0
0
0
0
0
0
0
0
0
0
0
0
0
0
0
0
0
0
0
0
0
0
0
0
0
0

