0
0
0
0
0
0
0
0
0
0
0
0
0
0
0
0
0
0
0
0
0
0
0
0
0
0
0
0
0
0
0
0
0
0
0
0
0
0
0
0
0
0
0
0
0
0
0
0
0
0
0
0
0
0
0
0
0
0
0
0
0
0
0
0
0
0
0
0
0
0
0
0
0
0
0
0
0
0
0
0
0
0
0
0
0
0
0
0
0
0
0
0
0
0
0
0
0
0
0
0
0
0
0
0
0
0
0
0
0
0
0
0
0
0
0
0
0
0
0
0
0
0
0
0
0
0
0
0
0
0
0
0
0
0
0
0
0
0
0
0
0
0
0
0
0
0
0
0
0
0
0
0
0
0
0
0
0
0
0
0
0
0
0
0
0
0
0
0
0
0
0
0
0
0
0
0
0
0
0
0
0
0
0
0
0
0
0
0
0
0
0
0
0
0
0
0
0
0
0
0
0
0
0
0
0
0
0
0
0
0
0
0
0
0
0
0
0
0
0
0
0
0
0
0
0
0
0
0
0
0
0
0
0
0
0
0
0
0
0
0
0
0
0
0
0
0
0
0
0
0
0
0
0
0
0
0
0
0
0
0
0
0
0
0
0
0
0
0
0
0
0
0
0
0
0
0
0
0
0
0
0
0
0
0
0
0
0
0
0
0
0
0
0
0
0
0
0
0
0
0
0
0
0
0
0
0
0
2
2
4
4
6
6
8
10
10
14
16
18
20
8
10
10
10
10
10
12
14
28
24
40
26
22
20
16
16
16
18
18
18
18
20
24
28
30
34
28
30
34
34
38
38
40
44
46
52
54
48
48
52
58
54
58
58
56
60
64
66
68
66
60
64
68
70
68
64
68
70
72
72
74
58
56
62
62
56
64
62
56
52
58
54
52
52
44
46
42
50
56
52
54
54
54
56
56
52
52
48
40
34
34
46
46
46
48
48
48
50
50
44
46
52
52
58
66
72
72
74
74
68
70
70
72
66
60
60
68
68
68
54
56
64
42
42
50
50
52
52
44
44
38
38
38
46
54
56
64
56
48
48
40
50
58
58
60
50
60
60
70
80
80
72
80
82
92
92
92
94
84
84
86
86
76
78
68
68
78
90
90
90
92
82
112
104
104
84
74
74
64
74
86
86
98
88
88
110
112
112
100
136
148
148
126
138
140
128
128
154
142
142
132
132
132
134
146
160
160
136
136
150
126
126
126
128
128
128
128
116
116
104
118
118
118
132
134
106
108
94
108
122
122
164
180
152
152
168
168
140
156
184
170
158
144
158
174
174
190
190
176
162
162
162
164
164
164
150
150
166
166
228
214
214
230
200
216
218
202
204
236
220
220
222
222
222
224
224
192
194
162
146
146
146
146
148
148
114
116
116
116
132
116
116
118
118
134
136
136
136
136
154
136
154
154
156
172
208
208
210
210
174
192
194
176
176
194
178
160
160
160
160
162
162
180
216
198
218
200
200
200
202
202
220
220
222
240
204
222
166
168
148
150
186
168
188
188
132
150
170
170
190
170
190
190
152
134
134
114
114
134
116
116
116
96
96
96
78
96
96
96
116
116
118
118
118
118
118
118
118
118
118
118
118
138
138
138
160
140
140
120
120
120
100
120
100
160
160
160
162
162
182
182
162
142
142
122
122
122
102
102
102
102
122
102
102
102
102
122
122
122
122
122
164
144
164
144
124
144
144
144
164
186
186
186
144
144
166
144
144
144
124
144
144
166
166
166
166
166
146
124
124
146
146
166
188
166
124
104
104
104
104
104
104
104
104
104
104
124
104
82
104
146
188
166
166
166
166
166
188
188
166
166
166
146
166
166
166
166
166
186
186
208
228
228
228
228
228
228
248
248
270
248
248
248
248
206
206
186
164
186
186
122
102
82
82
82
82
82
60
60
60
60
60
60
60
80
80
122
122
122
122
142
162
142
142
142
162
182
242
262
282
302
302
280
300
320
340
360
380
360
318
318
318
338
376
376
356
316
336
354
296
294
294
334
332
332
274
292
272
272
272
272
270
270
270
250
288
308
306
306
326
268
344
362
342
380
360
360
378
378
376
376
394
412
412
392
354
372
446
500
536
924
922
938
936
898
1006
986
1458
1236
1344
1322
1338
1316
1116
1132
1236
1770
1714
1176
728
656
672
652
634
650
648
996
1012
992
1216
1194
1260
1240
808
788
820
1706
1702
1698
1694
1688
1684
1680
1676
1670
1666
1662
1658
1652
1648
1644
1638
1308
1320
1316
1296
1276
1256
1252
1088
1596
1592
1396
1376
1388
1132
548
546
544
574
556
570
568
550
534
532
516
544
542
434
508
506
520
532
678
618
586
584
624
652
750
906
744
700
710
708
592
590
658
1242
1196
1176
1172
1168
1162
1144
1086
1108
1130
1044
1028
1170
1190
1186
1168
1124
1118
1074
1148
1130
1060
1106
1102
970
954
948
1068
1064
1046
968
926
898
918
936
920
892
804
800
938
932
916
912
918
902
908
712
718
660
778
752
758
842
836
832
902
930
1042
1004
1008
1002
1006
1032
1026
1020
1014
1008
1000
994
988
982
976
970
964
958
950
944
938
932
926
920
914
516
368
358
364
388
296
294
310
274
288
312
284
298
296
334
324
434
430
602
598
654
634
628
624
468
486
518
596
422
382
264
240
238
312
316
334
324
314
332
308
292
444
408
410
418
446
448
430
426
428
410
406
460
454
454
450
438
434
424
312
308
518
510
504
498
492
486
478
472
466
460
454
448
442
434
428
422
416
410
404
398
392
230
260
260
264
190
176
160
154
164
158
162
158
152
192
162
154
132
114
110
104
108
182
178
176
180
228
228
222
218
212
206
200
194
188
184
178
172
168
162
156
144
142
138
120
114
110
112
108
102
98
92
88
84
80
74
70
62
62
54
52
52
32
18
22
22
20
20
16
16
16
16
12
12
10
8
4
4
2
2
2
0
0
0
0
0
0
0
0
0
0
0
0
0
0
0
0
0
0
0
0
0
0
0
0
0
0
0
0
0
0
0
0
0
0
0
0
0
0
0
0
0
0
0
0
0
0
0
0
0
0
0
0
0
0
0
0
0
0
0
0
0
0
0
0
0
0
0
0
0
0
0
0
0
0
0
0
0
0
0
0
0
0
0
0
0
0
0
0
0
0
0
0
0
0
0
0
0
0
0
0
0
0
0
0
0
0
0
0
0
0
0
0
0
0
0
0
0
0
0
0
0
0
0
0
0
0
0
0
0
0
0
0
0
0
0
0
0
0
0
0
0
0
0
0
0
0
0
0
0
0
0
0
0
0
0
0
0
0
0
0
0
0
0
0
0
0
0
0
0
0
0
0
0
0
0
0
0

