0
0
0
0
0
0
0
0
0
0
0
0
0
0
0
0
0
0
0
0
0
0
0
0
0
0
0
0
0
0
0
0
0
0
0
0
0
0
0
0
0
0
0
0
0
0
0
0
0
0
0
0
0
0
0
0
0
0
0
0
0
0
0
0
0
0
0
0
0
0
0
0
0
0
0
0
0
0
0
0
0
0
0
0
0
0
0
0
0
0
0
0
0
0
0
0
0
0
0
0
0
0
0
0
0
0
0
0
0
0
0
0
0
0
0
0
0
0
0
0
0
0
0
0
0
0
0
0
0
0
0
0
0
0
0
0
0
0
0
0
0
0
0
0
0
0
0
0
0
0
0
0
0
0
0
0
0
0
0
0
0
0
0
0
0
0
0
0
0
0
0
0
0
0
0
0
0
0
0
0
0
0
0
0
0
0
0
0
0
0
0
0
0
0
0
0
0
0
0
0
0
0
0
0
0
0
0
0
0
0
0
0
0
0
0
0
0
0
0
0
0
0
0
0
0
0
0
0
0
0
0
0
0
0
0
0
0
0
0
0
0
0
0
0
0
0
0
0
0
0
0
0
0
0
0
0
0
0
0
0
0
0
0
0
0
0
0
0
0
0
0
0
0
0
0
0
0
0
0
0
0
0
0
0
0
0
0
0
0
0
0
0
0
0
0
0
0
0
0
0
0
0
0
0
0
0
0
2
2
4
4
6
6
8
10
12
14
16
18
22
26
28
32
34
38
40
26
42
46
56
60
64
68
72
62
60
70
62
66
78
86
90
94
98
102
106
112
114
78
92
92
90
94
94
108
98
114
108
112
114
114
128
184
188
194
196
188
196
198
100
164
182
186
178
194
168
178
172
176
86
84
88
94
92
94
102
98
98
194
202
208
204
204
202
202
204
200
202
178
346
392
396
406
108
108
110
106
112
110
110
106
104
94
94
86
80
82
82
78
80
80
74
76
76
78
84
92
86
88
82
82
90
90
98
100
106
122
122
124
124
154
162
178
174
190
184
208
202
196
198
176
170
180
172
166
160
168
202
212
222
240
242
236
246
248
268
278
280
636
658
260
270
272
284
266
260
270
290
302
314
296
298
300
284
284
286
298
330
322
264
264
266
320
312
292
304
306
308
342
344
368
436
986
1002
1008
1014
828
844
860
808
846
862
798
884
864
1022
944
936
930
1198
1204
1210
1216
1222
1228
986
992
996
1000
830
1060
1066
1070
1074
1156
1098
1102
1108
1112
1116
396
410
412
440
482
484
486
516
558
548
564
566
568
626
670
898
944
862
1206
670
600
588
634
650
652
626
598
630
632
590
592
610
686
854
812
1342
1378
1368
686
428
444
414
1142
1224
1212
1216
828
674
692
678
680
746
780
782
786
820
838
824
810
780
816
932
1034
1118
1106
1092
1094
1280
1318
1338
1358
1396
1450
1404
1440
1274
1414
1418
1422
1424
1446
1034
1244
1318
1198
1202
1274
1680
1562
1564
1568
1572
1256
1260
1244
1230
1322
1342
1382
1366
1352
1336
1356
1378
1380
1020
1040
1700
1796
1744
1728
1732
1718
1738
1724
1726
762
744
764
822
806
750
752
734
698
680
606
644
588
570
552
496
478
478
478
498
558
540
540
522
444
406
388
388
388
350
332
312
390
372
450
452
412
472
454
434
454
812
892
854
874
896
896
1218
1698
860
820
762
622
602
582
604
644
584
544
566
566
566
526
526
548
630
650
630
672
652
652
632
612
654
676
798
778
780
820
842
822
658
720
700
638
660
618
578
516
474
682
682
620
622
600
622
684
706
726
726
728
810
810
790
790
854
832
812
812
750
772
708
856
856
814
834
814
1484
1484
1400
1358
1296
1338
1442
1632
1674
1652
1484
1212
1212
1402
1402
1402
1172
1212
1360
1254
1820
1820
1820
1798
1776
1776
2068
2068
2068
1984
1900
1920
1940
1962
2066
2022
2022
1500
1334
1416
1478
1414
1372
1122
1080
956
934
996
1016
1016
1098
1306
1242
1366
1572
1860
1840
1838
1424
1424
1320
1380
1358
1378
1378
1294
1580
1580
1496
1290
1514
880
1042
1184
1122
1120
1038
1018
1016
1036
1096
1074
1620
1600
1618
1616
1614
1614
946
946
884
964
962
1002
1000
900
958
958
1294
1512
1808
1826
1666
1684
1720
1718
1716
1774
1712
1710
1530
528
508
528
488
526
524
544
524
1686
1684
1682
1388
520
500
460
498
478
438
496
532
570
1386
1498
1476
1416
1018
978
1616
1820
1798
1794
1792
1714
1710
1726
1852
1848
1844
1842
1838
1834
1830
1826
1824
1820
1816
1812
1808
1804
1800
1796
1792
1788
1784
1780
1778
1774
1770
1766
1760
1756
1752
1748
1744
1740
1736
1732
1728
1724
1340
1338
1334
1570
1480
1494
1472
1470
1684
1680
1324
1320
1400
1412
1408
1404
1648
1644
1638
1634
1630
1624
1620
1616
1610
1606
1586
1596
1592
1586
1582
1578
1572
1568
1516
1526
1304
1300
1280
1260
1318
1298
1294
1334
1330
1446
1442
1376
582
668
696
826
1014
938
890
654
594
592
604
602
600
568
764
592
632
812
794
666
636
634
604
602
612
582
566
578
562
720
756
754
738
904
784
780
790
798
770
766
698
760
706
702
662
684
704
664
636
610
642
628
998
980
988
1066
778
996
990
998
1004
768
788
794
746
854
916
912
906
902
896
1088
1082
1076
1068
1062
1056
924
448
466
444
450
448
456
756
790
826
780
776
770
786
790
784
790
756
742
736
740
670
484
480
658
644
488
466
454
426
430
462
476
532
410
414
444
352
316
322
310
292
306
304
308
290
288
338
336
616
602
590
584
566
560
562
556
684
676
664
650
618
658
652
646
638
606
600
600
594
606
600
594
588
580
574
568
562
556
548
542
536
530
524
518
510
504
498
476
296
330
354
350
336
326
318
308
360
352
362
354
344
310
306
324
324
298
294
312
306
184
174
166
174
174
168
184
312
306
300
294
288
282
276
270
264
258
252
246
240
234
228
222
218
212
206
200
194
188
184
178
172
168
162
156
152
146
140
136
130
126
120
116
110
106
94
90
88
88
82
76
54
36
32
26
26
24
26
24
22
20
16
16
14
14
20
8
6
6
6
4
4
2
2
2
2
0
0
0
0
0
0
0
0
0
0
0
0
0
0
0
0
0
0
0
0
0
0
0
0
0
0
0
0
0
0
0
0
0
0
0
0
0
0
0
0
0
0
0
0
0
0
0
0
0
0
0
0
0
0
0
0
0
0
0
0
0
0
0
0
0
0
0
0
0
0
0
0
0
0
0
0
0
0
0
0
0
0
0
0
0
0
0
0
0
0
0
0
0
0
0
0
0
0
0
0
0
0
0
0
0
0
0
0
0
0
0
0
0
0
0
0
0
0
0
0
0
0
0
0
0
0
0
0
0
0
0
0
0
0
0
0
0
0
0
0
0
0
0
0
0
0
0
0
0
0
0
0
0
0
0
0
0
0
0
0
0
0
0
0
0
0
0
0
0
0
0
0
0
0
0
0

