0
0
0
0
0
0
0
0
0
0
0
0
0
0
0
0
0
0
0
0
0
0
0
0
0
0
0
0
0
0
0
0
0
0
0
0
0
0
0
0
0
0
0
0
0
0
0
0
0
0
0
0
0
0
0
0
0
0
0
0
0
0
0
0
0
0
0
0
0
0
0
0
0
0
0
0
0
0
0
0
0
0
0
0
0
0
0
0
0
0
0
0
0
0
0
0
0
0
0
0
0
0
0
0
0
0
0
0
0
0
0
0
0
0
0
0
0
0
0
0
0
0
0
0
0
0
0
0
0
0
0
0
0
0
0
0
0
0
0
0
0
0
0
0
0
0
0
0
0
0
0
0
0
0
0
0
0
0
0
0
0
0
0
0
0
0
0
0
0
0
0
0
0
0
0
0
0
0
0
0
0
0
0
0
0
0
0
0
0
0
0
0
0
0
0
0
0
0
0
0
0
0
0
0
0
0
0
0
0
0
0
0
0
0
0
0
0
0
0
0
0
0
0
0
0
0
0
0
0
0
0
0
0
0
0
0
0
0
0
0
0
0
0
0
0
0
0
0
0
0
0
0
0
0
0
0
0
0
0
0
0
0
0
0
0
0
0
0
0
0
0
0
0
0
0
0
0
0
0
0
0
0
0
0
0
0
0
0
0
0
0
0
0
0
0
0
0
0
0
0
0
0
0
0
0
0
0
0
0
0
0
0
0
0
0
0
2
2
2
2
4
4
6
6
6
6
8
10
10
12
14
16
18
20
20
22
24
24
28
30
32
32
34
34
34
48
52
48
56
60
64
66
64
78
78
54
58
88
82
90
86
84
80
70
66
70
72
74
76
78
52
50
46
48
54
64
84
98
100
98
100
106
108
106
108
106
104
110
108
110
112
114
120
130
152
154
136
142
144
150
162
160
222
224
232
226
228
232
224
242
262
322
304
298
296
316
186
184
202
210
218
226
230
142
132
152
154
160
156
152
134
148
130
132
126
140
108
122
130
138
140
148
142
144
146
140
140
150
136
152
154
154
164
204
206
200
210
220
220
248
250
268
270
256
256
268
270
306
460
418
368
370
364
384
368
362
318
310
274
266
296
298
408
450
432
286
278
320
342
324
326
338
340
332
334
336
328
372
352
388
378
380
372
430
442
422
426
438
498
580
628
552
600
744
748
774
602
604
846
754
794
810
1216
1222
1068
1048
1054
1058
1088
992
1010
1002
1018
1024
1028
1046
1128
1082
1086
1078
1082
1100
1132
1122
994
1010
1082
1088
1188
972
990
1090
1096
1016
1006
870
422
410
382
370
372
372
402
390
376
320
320
366
368
384
400
402
388
404
390
406
332
334
334
488
506
508
494
526
622
702
688
722
660
630
664
682
668
670
496
498
500
500
502
504
488
474
492
476
478
462
430
416
450
434
452
436
538
506
746
1088
1210
716
702
704
670
672
656
676
694
906
942
944
754
1002
1004
1660
1770
1774
1778
1782
1786
1540
1524
1528
1586
1570
1574
1596
1598
1820
1824
1828
1832
1836
1840
1842
1846
1850
1854
1856
1860
1864
1868
1870
880
900
922
960
1000
944
870
892
874
932
1392
1184
1166
1110
1438
902
904
906
906
908
928
872
874
934
896
838
722
292
292
274
294
294
236
236
256
256
276
256
258
278
298
278
258
258
278
260
280
280
280
280
280
302
220
222
242
222
242
262
262
242
222
202
202
202
224
264
244
264
264
266
244
246
286
286
308
308
266
246
246
226
268
268
268
288
268
288
288
290
290
290
310
310
310
310
310
332
332
352
374
354
394
374
312
374
374
354
396
334
354
354
396
480
418
376
376
376
376
376
376
396
418
460
438
480
564
522
480
502
480
502
502
480
480
544
584
648
626
606
626
606
918
876
814
688
688
626
562
520
562
542
582
604
666
686
728
706
728
706
686
684
664
642
622
662
684
682
662
662
578
578
702
764
722
720
802
864
1090
924
966
882
1312
1312
922
920
900
920
918
938
1060
1752
1770
1810
1788
1462
1440
1966
1964
1780
1778
1756
1754
1752
1852
1890
1888
1886
1884
1902
1840
1858
1856
1854
1930
1928
1926
1924
1980
1978
1976
1974
1970
1968
1966
1962
1960
1958
1954
1952
1950
1674
1672
1688
1706
1664
1662
1446
1386
1384
902
862
822
860
954
952
456
454
492
492
490
452
432
450
1126
974
990
970
968
966
982
962
980
940
958
826
806
732
822
820
872
870
870
886
902
936
916
932
930
784
784
800
1116
724
724
668
666
718
612
610
592
572
588
586
568
532
514
546
648
698
832
660
642
656
672
652
634
616
598
662
694
1236
888
868
964
994
1104
940
952
1046
1300
1296
1596
1592
1586
1582
1578
1572
1568
1562
1558
652
680
678
630
596
672
760
880
816
814
780
1466
1298
936
1480
974
984
982
992
1032
942
982
1438
1434
1428
1422
1418
1412
1406
1400
1396
1390
1384
1378
1374
1368
1362
1356
1352
1346
1192
1134
1130
1124
1132
1312
1188
1158
1152
1148
1130
562
534
898
882
1104
1024
1006
976
984
980
976
958
954
950
956
892
934
470
398
408
382
380
378
422
420
486
482
558
556
464
494
492
532
832
806
524
542
570
324
312
310
330
358
356
354
332
400
268
256
254
420
600
588
516
866
944
938
932
926
920
914
906
900
894
888
882
428
416
422
642
612
456
434
448
452
408
406
474
374
372
290
264
254
252
266
270
254
266
264
268
288
286
284
294
292
366
266
256
274
292
296
286
232
230
226
200
192
196
194
192
178
176
174
184
176
190
160
180
190
176
190
188
216
204
246
224
196
184
152
146
140
142
136
138
136
138
184
134
128
122
128
126
116
142
124
130
132
128
184
176
140
126
158
158
158
152
146
156
116
112
112
112
118
116
116
116
110
100
96
98
178
174
172
166
130
132
148
142
178
172
168
162
156
152
146
140
136
130
126
120
116
110
106
102
96
92
88
82
78
74
70
66
62
58
54
50
36
34
30
28
26
24
26
24
20
16
14
10
10
8
8
6
4
4
2
2
0
0
0
0
0
0
0
0
0
0
0
0
0
0
0
0
0
0
0
0
0
0
0
0
0
0
0
0
0
0
0
0
0
0
0
0
0
0
0
0
0
0
0
0
0
0
0
0
0
0
0
0
0
0
0
0
0
0
0
0
0
0
0
0
0
0
0
0
0
0
0
0
0
0
0
0
0
0
0
0
0
0
0
0
0
0
0
0
0
0
0
0
0
0
0
0
0
0
0
0
0
0
0
0
0
0
0
0
0
0
0
0
0
0
0
0
0
0
0
0
0
0
0
0
0
0
0
0
0
0
0
0
0
0
0
0
0
0
0
0
0
0
0
0
0
0
0
0
0
0
0
0
0
0
0
0
0
0
0
0
0
0
0
0
0
0
0
0
0
0
0
0
0
0

