0
0
0
0
0
0
0
0
0
0
0
0
0
0
0
0
0
0
0
0
0
0
0
0
0
0
0
0
0
0
0
0
0
0
0
0
0
0
0
0
0
0
0
0
0
0
0
0
0
0
0
0
0
0
0
0
0
0
0
0
0
0
0
0
0
0
0
0
0
0
0
0
0
0
0
0
0
0
0
0
0
0
0
0
0
0
0
0
0
0
0
0
0
0
0
0
0
0
0
0
0
0
0
0
0
0
0
0
0
0
0
0
0
0
0
0
0
0
0
0
0
0
0
0
0
0
0
0
0
0
0
0
0
0
0
0
0
0
0
0
0
0
0
0
0
0
0
0
0
0
0
0
0
0
0
0
0
0
0
0
0
0
0
0
0
0
0
0
0
0
0
0
0
0
0
0
0
0
0
0
0
0
0
0
0
0
0
0
0
0
0
0
0
0
0
0
0
0
0
0
0
0
0
0
0
0
0
0
0
0
0
0
0
0
0
0
0
0
0
0
0
0
0
0
0
0
0
0
0
0
0
0
0
0
0
0
0
0
0
0
0
0
0
0
0
0
0
0
0
0
0
0
0
0
0
0
0
0
0
0
0
0
0
0
0
0
0
0
0
0
0
0
0
0
0
0
0
0
0
0
0
0
0
0
0
0
0
0
0
0
0
0
0
0
0
0
0
0
0
0
0
0
0
0
0
0
0
0
0
0
0
0
0
0
0
0
2
2
2
2
2
2
4
4
4
4
4
6
8
8
8
10
10
12
16
16
16
18
22
22
24
24
26
26
26
28
30
28
26
28
30
32
40
44
46
48
52
50
58
60
66
70
76
76
68
76
72
72
78
80
88
84
82
76
80
62
62
100
96
98
100
106
104
106
104
102
108
110
116
118
116
118
120
118
106
96
92
90
100
102
84
104
110
130
132
134
116
122
224
222
214
208
216
238
226
244
226
228
220
234
230
292
300
376
494
494
498
604
408
616
596
394
490
508
514
484
490
466
532
530
472
406
408
486
468
472
490
502
560
556
562
582
578
584
660
664
678
684
664
670
674
680
660
622
644
718
714
694
698
756
718
732
700
704
710
752
756
762
776
792
796
792
758
764
768
822
808
812
686
700
562
400
444
458
492
504
530
532
556
550
606
544
822
870
876
880
884
890
894
864
870
828
878
848
888
528
542
556
560
598
578
568
960
1136
1130
1234
1004
996
1000
1056
1048
1040
1044
1050
1054
1058
934
872
836
814
844
834
612
682
698
700
784
748
750
754
1072
1270
1276
848
824
870
930
806
1390
1196
1216
1076
1110
1084
1088
1326
1286
1292
1296
990
948
968
956
1198
1188
1192
1196
1140
1326
1346
1380
492
494
464
450
482
500
518
534
568
586
1414
1354
1342
1346
1350
1338
1374
1394
1366
1632
1506
1328
1366
1370
1340
1310
1314
1318
1322
1324
1378
1382
1454
1170
884
886
974
992
960
1498
1500
1366
1404
972
992
1170
1312
1350
1564
986
830
884
870
836
838
804
1270
1560
610
666
650
632
544
526
564
620
676
732
696
698
920
904
888
870
890
892
856
878
860
880
1050
1410
1318
1132
964
908
948
1006
1274
1276
1280
1070
996
998
1038
1136
1136
1332
1276
1258
1124
990
700
740
740
742
644
764
744
726
726
788
768
770
770
772
772
774
734
676
696
736
758
758
700
780
742
622
622
562
542
544
564
606
768
828
850
830
790
792
710
692
712
590
1386
1592
1614
1656
1678
1700
1660
1394
1540
1130
1150
1070
1008
1606
926
948
948
950
1012
970
950
890
828
808
828
788
1348
1390
1412
1350
1330
894
894
1372
1686
1686
1728
1730
1668
1668
1544
1440
1920
1920
1920
1858
1858
1860
1232
1190
1232
1128
1254
1338
2092
2092
2092
2092
2092
2092
1380
1444
878
898
898
1024
1506
1402
982
542
542
606
584
564
584
606
606
584
542
542
834
814
876
876
876
770
874
750
790
812
894
894
894
830
1100
1120
1120
1140
1202
1306
1304
1076
1096
1074
1116
1094
1816
1774
1732
1730
1646
1728
1788
1808
1746
1744
1742
1742
1720
1738
1512
1450
1592
1610
1588
1180
1180
1240
1218
1136
1054
1072
1052
1010
1190
1190
1128
1106
1086
1004
1022
1022
920
600
598
598
618
596
536
654
654
594
632
888
1736
1734
1732
942
902
980
1018
1056
996
720
778
1030
1086
988
1006
1004
674
732
672
690
690
688
668
706
686
666
644
662
604
642
660
678
658
656
618
616
616
614
576
538
554
536
442
460
458
422
420
420
436
436
454
488
488
1606
1746
1724
1738
1754
1660
1514
1492
1490
1450
1448
1444
1440
1438
1416
1412
1444
1424
1420
1416
1414
1204
960
1060
920
800
866
846
860
858
856
854
852
816
830
1160
810
724
592
606
604
554
552
582
646
788
786
624
606
890
1142
1170
1166
990
1018
1172
1558
1552
1548
1542
1538
1532
1528
1522
1518
1512
1506
1502
1496
1492
1486
1480
1432
1132
1128
1212
872
826
432
416
688
700
682
452
508
506
560
516
514
512
524
508
532
544
570
594
524
508
506
504
450
448
420
404
376
388
398
410
396
406
392
390
388
362
372
370
356
294
280
326
326
312
310
296
296
294
292
302
324
322
298
308
306
294
292
290
288
298
264
250
260
258
258
256
254
284
272
292
206
196
194
204
202
220
210
228
226
254
340
330
336
344
342
340
338
334
314
294
254
262
270
258
274
352
368
356
482
522
714
684
662
698
766
696
690
692
686
348
346
350
340
314
296
308
306
304
322
320
412
308
298
294
298
304
320
474
442
432
434
416
432
414
386
382
346
330
320
324
362
364
348
344
330
326
316
312
200
204
206
204
196
194
186
184
192
188
206
212
214
206
194
188
190
178
170
148
154
156
156
146
144
142
140
140
134
150
172
166
160
136
124
122
126
148
156
152
146
146
140
138
128
126
124
116
130
132
148
152
142
142
134
206
200
194
188
184
150
144
140
158
152
146
142
138
136
130
126
120
116
110
106
102
96
92
88
82
78
74
70
66
62
58
54
50
46
42
40
30
28
22
16
12
10
8
6
6
4
4
4
4
4
2
2
2
2
0
0
0
0
0
0
0
0
0
0
0
0
0
0
0
0
0
0
0
0
0
0
0
0
0
0
0
0
0
0
0
0
0
0
0
0
0
0
0
0
0
0
0
0
0
0
0
0
0
0
0
0
0
0
0
0
0
0
0
0
0
0
0
0
0
0
0
0
0
0
0
0
0
0
0
0
0
0
0
0
0
0
0
0
0
0
0
0
0
0
0
0
0
0
0
0
0
0
0
0
0
0
0
0
0
0
0
0
0
0
0
0
0
0
0
0
0
0
0
0
0
0
0
0
0
0
0
0
0
0
0
0
0
0
0
0
0
0
0
0
0
0
0
0
0
0
0
0
0
0
0
0
0
0
0
0
0
0
0
0
0
0
0
0
0
0
0
0
0
0
0
0
0

