0
0
0
0
0
0
0
0
0
0
0
0
0
0
0
0
0
0
0
0
0
0
0
0
0
0
0
0
0
0
0
0
0
0
0
0
0
0
0
0
0
0
0
0
0
0
0
0
0
0
0
0
0
0
0
0
0
0
0
0
0
0
0
0
0
0
0
0
0
0
0
0
0
0
0
0
0
0
0
0
0
0
0
0
0
0
0
0
0
0
0
0
0
0
0
0
0
0
0
0
0
0
0
0
0
0
0
0
0
0
0
0
0
0
0
0
0
0
0
0
0
0
0
0
0
0
0
0
0
0
0
0
0
0
0
0
0
0
0
0
0
0
0
0
0
0
0
0
0
0
0
0
0
0
0
0
0
0
0
0
0
0
0
0
0
0
0
0
0
0
0
0
0
0
0
0
0
0
0
0
0
0
0
0
0
0
0
0
0
0
0
0
0
0
0
0
0
0
0
0
0
0
0
0
0
0
0
0
0
0
0
0
0
0
0
0
0
0
0
0
0
0
0
0
0
0
0
0
0
0
0
0
0
0
0
0
0
0
0
0
0
0
0
0
0
0
0
0
0
0
0
0
0
0
0
0
0
0
0
0
0
0
0
0
0
0
0
0
0
0
0
0
0
0
0
0
0
0
0
0
0
0
0
0
0
0
0
0
0
0
0
0
0
0
0
0
0
0
0
0
0
0
0
0
0
0
0
0
0
0
0
0
2
2
2
2
4
4
4
4
6
6
6
8
8
10
14
16
32
36
34
48
48
56
60
64
68
68
74
78
50
54
38
38
40
48
52
62
66
82
82
78
80
78
72
82
82
86
66
72
130
130
126
130
70
72
70
72
76
78
80
78
80
84
92
70
72
74
74
82
88
86
128
130
132
188
220
236
240
220
224
228
264
276
284
288
292
310
276
288
338
342
346
290
298
312
322
302
300
314
266
254
216
218
210
212
198
228
226
244
248
244
248
244
258
244
252
280
282
234
244
252
294
276
286
288
278
280
262
250
254
262
244
252
234
236
252
254
242
244
254
286
288
300
310
312
330
334
344
330
332
326
338
358
274
284
340
324
292
436
438
406
446
440
498
454
466
488
520
524
634
638
670
704
728
724
608
582
534
680
644
638
630
634
774
706
698
798
964
764
790
784
788
772
786
914
930
924
906
922
1144
782
774
696
712
586
590
592
608
1198
974
956
960
952
958
974
978
958
900
490
442
494
508
536
436
412
454
350
340
564
566
834
824
802
1128
1106
1124
1142
1146
918
838
1132
1136
1156
1160
1164
1212
990
1192
1126
1130
1148
1152
1156
1204
1370
1008
1070
1192
1182
1202
1310
1224
1184
1232
1238
1242
1018
1082
1100
1090
646
664
650
730
702
750
846
1054
1042
1044
984
988
1022
946
932
1032
922
924
926
994
768
804
1250
1418
1422
1410
1398
1402
1388
1408
1396
1686
1690
1694
1700
1704
1708
1712
1716
1720
1726
1262
1352
1356
1220
978
1050
946
932
828
866
902
744
746
820
804
912
932
952
1514
1516
1502
1504
1526
1530
710
730
732
826
808
792
830
832
814
742
724
764
784
728
730
732
1504
1506
1528
1550
1552
1556
1538
1542
1564
1584
1798
824
902
902
904
1214
1254
1198
1064
892
854
1010
1168
1130
1132
1134
1136
1040
1040
1002
1062
1222
1738
1720
1702
1704
1746
1688
1332
1214
1236
1038
1078
1080
1100
1102
1184
2010
2012
2014
2016
2018
2020
2022
2024
2026
2028
1968
2030
2032
2034
2036
2038
2040
2042
2044
2044
2046
2048
2050
2050
2052
2054
2056
2056
2058
2060
2060
2062
2064
2064
2066
2068
2068
2070
2070
2072
2072
2074
2074
2076
2076
2078
2078
2080
2080
2080
708
770
728
728
728
730
730
814
792
750
772
1358
1336
1358
1734
1734
1734
1714
1714
1714
1714
2092
898
878
858
858
920
920
962
898
878
878
878
856
940
898
856
836
940
898
1002
918
898
876
940
938
1084
1376
1334
1334
730
666
624
624
644
644
644
686
664
748
684
726
664
726
808
828
972
930
952
1034
1074
1300
1342
1340
1050
1050
1070
1090
1090
1068
1128
1334
1312
1352
838
1002
1186
1368
1286
1182
1100
1078
1016
1016
872
1014
1094
1032
1132
1434
1332
1350
1550
1590
2010
2008
2006
2004
2002
2000
1998
1994
1992
1990
1988
1986
1984
1980
1978
1976
1974
1970
1968
1966
1962
1960
1958
1954
1952
1890
1636
1632
1942
1938
1936
1932
1930
1214
1846
1844
1784
1876
1912
1908
1906
1902
1898
1896
1892
1890
1886
1882
1880
1876
1872
1870
1866
1862
1858
1856
1852
1848
1844
1842
1838
1834
1830
1826
1824
1820
1816
1812
1808
1804
1800
1796
1792
1788
1784
1746
1564
1560
1556
1570
1568
1564
1524
1084
1256
1062
1076
1160
1158
1034
808
978
1420
1416
1412
1442
1422
1520
1516
1496
1508
1570
1566
1446
1426
1438
1450
1446
1442
1438
1304
1300
1312
1308
1352
1332
1344
1340
1352
1348
1344
1356
1368
1332
1328
1510
1506
1516
1526
1522
1532
1528
1446
1456
1346
980
990
1032
1044
1160
1140
1150
1132
1142
1182
1338
1334
1342
1324
372
356
326
326
310
688
658
670
612
650
634
590
588
572
514
500
510
522
534
518
528
566
576
548
584
492
514
950
932
954
1000
982
978
924
1068
1064
1108
1078
1060
1056
1050
1046
1040
1058
1160
1154
1148
1142
1136
530
538
560
578
632
528
850
844
828
824
820
902
1016
1042
1036
1042
1036
1030
1044
1038
1032
1026
1020
1014
936
930
656
414
392
350
338
346
334
314
292
234
222
240
238
236
226
234
240
240
254
254
260
232
222
220
488
594
482
470
490
502
362
382
332
384
398
386
376
494
498
650
652
662
648
578
566
446
450
438
552
546
556
550
544
540
534
536
550
544
544
490
484
486
480
474
464
464
460
454
450
488
500
542
536
530
518
512
500
490
484
472
456
440
434
414
396
386
380
388
434
428
422
416
410
404
398
392
384
378
372
366
360
354
348
342
254
250
248
234
230
240
236
232
224
220
214
210
176
170
174
172
168
154
122
110
130
108
134
134
170
166
164
160
158
158
154
146
134
130
126
124
118
102
100
110
52
52
40
40
34
32
32
32
34
32
34
30
28
28
26
40
26
24
18
16
14
12
8
8
6
6
6
4
4
6
8
6
4
4
2
2
0
0
0
0
0
0
0
0
0
0
0
0
0
0
0
0
0
0
0
0
0
0
0
0
0
0
0
0
0
0
0
0
0
0
0
0
0
0
0
0
0
0
0
0
0
0
0
0
0
0
0
0
0
0
0
0
0
0
0
0
0
0
0
0
0
0
0
0
0
0
0
0
0
0
0
0
0
0
0
0
0
0
0
0
0
0
0
0
0
0
0
0
0
0
0
0
0
0
0
0
0
0
0
0
0
0
0
0
0
0
0
0
0
0
0
0
0
0
0
0
0
0
0
0
0
0
0
0
0
0
0
0
0
0
0
0
0
0
0
0
0
0
0
0
0
0
0
0
0
0
0
0
0
0
0
0
0
0
0
0
0
0
0
0
0
0
0
0
0
0
0
0
0

